6.175434794464709221e-01
6.150740705678457987e-01
5.974636361556792119e-01
5.971664658545992044e-01
5.932689425276872486e-01
5.852801877579958401e-01
5.754102359375987685e-01
5.717108706118019246e-01
5.669321732535421710e-01
5.566943146154369471e-01
5.570900688671620582e-01
5.459420303081008452e-01
5.420571941205374333e-01
5.392399567433093788e-01
5.324865849216491309e-01
5.237702197781752833e-01
5.210016218101687357e-01
5.125921210364046132e-01
5.087525209408135796e-01
5.040269974595632529e-01
5.015724230382164750e-01
4.953235339169665963e-01
4.911577284549333844e-01
4.857767588546876847e-01
4.809203601212109769e-01
4.784284794703787536e-01
4.723070227753342065e-01
4.704005280628100749e-01
4.660764276420891750e-01
4.643004134080796486e-01
4.567134023414679556e-01
4.570166122698680056e-01
4.521155758332913166e-01
4.493560719183637420e-01
4.474613960932489753e-01
4.445981510001428272e-01
4.385155374855477239e-01
4.392511832633214652e-01
4.385523204418484977e-01
4.324941743912869008e-01
4.293848801757716993e-01
4.261580752286058815e-01
4.216169735232214721e-01
4.212690115988848016e-01
4.223604241382367119e-01
4.182137135764221192e-01
4.182805553274855370e-01
4.138206113030591382e-01
4.108749476272698931e-01
