6.000000000000000000e+00
6.125000000000000000e+00
6.250000000000000000e+00
6.375000000000000000e+00
6.500000000000000000e+00
6.625000000000000000e+00
6.750000000000000000e+00
6.875000000000000000e+00
7.000000000000000000e+00
7.125000000000000000e+00
7.250000000000000000e+00
7.375000000000000000e+00
7.500000000000000000e+00
7.625000000000000000e+00
7.750000000000000000e+00
7.875000000000000000e+00
8.000000000000000000e+00
8.125000000000000000e+00
8.250000000000000000e+00
8.375000000000000000e+00
8.500000000000000000e+00
8.625000000000000000e+00
8.750000000000000000e+00
8.875000000000000000e+00
9.000000000000000000e+00
9.125000000000000000e+00
9.250000000000000000e+00
9.375000000000000000e+00
9.500000000000000000e+00
9.625000000000000000e+00
9.750000000000000000e+00
9.875000000000000000e+00
1.000000000000000000e+01
1.012500000000000000e+01
1.025000000000000000e+01
1.037500000000000000e+01
1.050000000000000000e+01
1.062500000000000000e+01
1.075000000000000000e+01
1.087500000000000000e+01
1.100000000000000000e+01
1.112500000000000000e+01
1.125000000000000000e+01
1.137500000000000000e+01
1.150000000000000000e+01
1.162500000000000000e+01
1.175000000000000000e+01
1.187500000000000000e+01
1.200000000000000000e+01
