2.826902421387111897e+00
2.884563723781655931e+00
2.928394403069286778e+00
2.986692816599290090e+00
3.042225636823115753e+00
3.092705114114762566e+00
3.142224384329772136e+00
3.194827069563213051e+00
3.246591677595858094e+00
3.294878337200581875e+00
3.346691482953003227e+00
3.397487441758697990e+00
3.446070232626465391e+00
3.495297653599339416e+00
3.541681026124481768e+00
3.594166707432275842e+00
3.641380560087348783e+00
3.688216680761648547e+00
3.736222006823437969e+00
3.783048341605706355e+00
3.829837925962762846e+00
3.874335843946887792e+00
3.924596289294471685e+00
3.968925145087224937e+00
4.016376452433666699e+00
4.060219017252368445e+00
4.105687387603888183e+00
4.152547908236505769e+00
4.197564288016621958e+00
4.241873541913912860e+00
4.286912324019210629e+00
4.331637373242530842e+00
4.375008836404903789e+00
4.420617056186415539e+00
4.463349933356150601e+00
4.504854443714334522e+00
4.550577435823809580e+00
4.595813081151950641e+00
4.637162198032583227e+00
4.681700714377921457e+00
4.721408520159913635e+00
4.763273267366453290e+00
4.812350171354476736e+00
4.848958493865638708e+00
4.894358038591027693e+00
4.935061865701859674e+00
4.976091386418426410e+00
5.016708492556655408e+00
5.055525254157861248e+00
