2.015384952556273923e+00
2.038355283557466979e+00
2.067409813253166195e+00
2.091936281301211675e+00
2.109074922397646823e+00
2.133456627976156206e+00
2.157402868082372915e+00
2.174241048000662868e+00
2.198237638986001663e+00
2.215761583453799144e+00
2.236462269123628666e+00
2.255243292494470975e+00
2.272349809357987915e+00
2.290316807945927735e+00
2.304921949842791307e+00
2.326139243696398129e+00
2.342135621175283955e+00
2.355124878904773844e+00
2.373180918404974360e+00
2.392237753031022152e+00
2.406258017622274092e+00
2.424313941429468766e+00
2.438307967973640356e+00
2.456299836986825635e+00
2.467710630215601331e+00
2.482915254827201768e+00
2.497601436350062265e+00
2.514017691943547295e+00
2.528673973748281512e+00
2.540061026724091953e+00
2.556091265306858151e+00
2.573946608519771306e+00
2.578021693293856664e+00
2.597193750010973634e+00
2.609287290070082310e+00
2.619334197855542001e+00
2.630444416502951022e+00
2.647069864609368217e+00
2.657378903617915622e+00
2.667733723183053129e+00
2.684299503711661039e+00
