1.228017120518167388e-01
1.094933964400171822e-01
1.298341462365475152e-01
1.155752187045363255e-01
1.050300148319302240e-01
1.016153018864262292e-01
1.117185251550604219e-01
9.776555961464282463e-02
9.912902368878309667e-02
1.033005805247667608e-01
9.638826405960225496e-02
9.564441868682742320e-02
9.563089047217583627e-02
9.387862461418321203e-02
9.139047505797048832e-02
9.287507039386562468e-02
9.486997377896484729e-02
9.524706208348646119e-02
9.511516702434699710e-02
9.399907658821840539e-02
9.613491767278939393e-02
9.304467626405363290e-02
9.645418365171049002e-02
9.894092690702752102e-02
9.793588487101667628e-02
9.637530468829572095e-02
9.780175088535771055e-02
9.761629999497570265e-02
9.863090628319816366e-02
9.853959148842586502e-02
1.007042486103767870e-01
9.994030459090627594e-02
1.000071092527956562e-01
9.968479497896017005e-02
1.014126188185239252e-01
1.018816306949451855e-01
1.010506221419837647e-01
1.004924151167257695e-01
1.019113866397594881e-01
1.009807978815946833e-01
1.035228186123833549e-01
1.028294663926716535e-01
1.027268765569581133e-01
1.034995635658759322e-01
1.017719337622344788e-01
1.046532422919163874e-01
1.056723192354138974e-01
1.041594502702418712e-01
1.058007772766007965e-01
